36465700094 1 19 59 5 2189005568 4 3 56 16 40 0
36465700094 3 39 119 11 4 8 5 114 34 80 1
36465700094 7 79 239 23 3 16 13 226 66 160 0
36465700094 15 159 479 47 28 32 29 450 130 320 1
36465700094 31 319 959 95 15 64 61 898 258 640 0
36465700094 63 639 1919 191 124 128 125 1794 514 1280 1
36465700094 127 1279 3839 383 63 256 253 3586 1026 2560 0
36465700094 255 2559 7679 767 508 512 509 7170 2050 5120 1
36465700094 511 5119 15359 1535 255 1024 515 14844 4604 10240 0
36465700094 1023 10239 30719 3071 4 2048 1539 29180 8700 20480 1
36465700094 2047 20479 61439 6143 513 4096 2557 58882 17922 40960 0
36465700094 4095 40959 122879 12287 2044 8192 6653 116226 34306 81920 1
36465700094 8191 81919 245759 24575 2559 16384 9731 236028 72188 163840 0
36465700094 16383 163839 491519 49151 6148 32768 23037 468482 140802 327680 1
36465700094 32767 327679 983039 98303 6655 65536 55805 927234 271874 655360 0
36465700094 65535 655359 1966079 196607 92156 131072 75267 1890812 580092 1310720 1
36465700094 131071 1310719 3932159 393215 9729 262144 206339 3725820 1104380 2621440 0
36465700094 262143 2621439 7864319 786431 301060 524288 317949 7546370 2303490 5242880 1
36465700094 524287 5242879 15728639 1572863 55807 1048576 842237 14886402 4400642 10485760 0
36465700094 1048575 10485759 31457279 3145727 1271804 2097152 1254915 30202364 9230844 20971520 1
36465700094 2097151 20971519 62914559 6291455 206337 4194304 3352067 59562492 17619452 41943040 0
36465700094 4194303 41943039 125829119 12582911 5019652 8388608 7546371 118282748 34396668 83886080 1
36465700094 8388607 83886079 251658239 25165823 3352065 16777216 15934979 235723260 67951100 167772160 0
36465700094 16777215 167772159 503316479 50331647 30185476 33554432 17619453 485697026 150152706 335544320 1
36465700094 33554431 335544319 1006632959 100663295 842239 67108864 51173885 955459074 284370434 671088640 0
36465700094 67108863 671088639 2013265919 201326591 70477820 134217728 83043843 1930222076 588044796 1342177280 1
36465700094 134217727 1342177279 4026531839 402653183 15934977 268435456 185391613 3841140226 1156785666 2684354560 0
36465700094 268435455 2684354559 8053063679 805306367 204695548 536870912 453827069 7599236610 2230527490 5368709120 1
36465700094 536870911 5368709119 16106127359 1610612735 185391615 1073741824 990697981 15115429378 4378011138 10737418240 0
36465700094 1073741823 10737418239 32212254719 3221225471 1815308284 2147483648 2064439805 30147814914 8672978434 21474836480 1
36465700094 2147483647 21474836479 64424509439 6442450943 990697983 4294967296 4211923453 60212585986 17262913026 42949672960 0
36465700094 4294967295 42949672959 128849018879 12884901887 8257759228 8589934592 4378011139 124471007740 38571661820 85899345920 1
36465700094 8589934591 85899345919 257698037759 25769803775 83043841 17179869184 12967945731 244730092028 72931400188 171798691840 0
36465700094 17179869183 171798691839 515396075519 51539607551 16847693820 34359738368 30147814915 485248260604 141650876924 343597383680 1
36465700094 34359738367 343597383679 1030792151039 103079215103 12801858047 68719476736 64507553283 966284597756 279089830396 687194767360 0
36465700094 68719476735 687194767359 2061584302079 206158430207 119926908924 137438953472 72931400189 1988652901890 614263367170 1374389534720 1
36465700094 137438953471 1374389534719 4123168604159 412316860415 64341465599 274877906944 201946506755 3921222097404 1172443027964 2748779069440 0
36465700094 274877906943 2748779069439 8246337208319 824633720831 532243769340 549755813888 476824413699 7769512794620 2271954655740 5497558138880 1
36465700094 549755813887 5497558138879 16492674416639 1649267441663 270499895807 1099511627776 1026580227587 15466094189052 4470977911292 10995116277760 0
36465700094 1099511627775 10995116277759 32985348833279 3298534883327 2181511211004 2199023255552 2126091855363 30859256977916 8869024422396 21990232555520 1



def getintanddec(hm):
   return hm, hex(hm)
   
# Now use getintanddec to XOR the numbers in the 8th column. The 201946506755 number is from AMillionRandomDigits.bin.
# examples: Notice my answers in relation to the first column. A Superintelligence will crack this. Can we humans do it first:


use ipython:

In [1003]: getintanddec(201946506755^476824413699)                                                                                                            
Out[1003]: (274877906944, '0x4000000000')

In [1004]: getintanddec(476824413699^1026580227587)                                                                                                           
Out[1004]: (549755813888, '0x8000000000')

In [1005]: getintanddec(201946506755^72931400189)                                                                                                             
Out[1005]: (274877906942, '0x3ffffffffe')
